{
 "cells": [
  {
   "cell_type": "code",
   "execution_count": 1,
   "metadata": {},
   "outputs": [],
   "source": [
    "import os\n",
    "import dill as pickle\n",
    "import pandas as pd\n",
    "import pycmtensor as cmt\n",
    "from pycmtensor import aet as aet\n",
    "from pycmtensor.expressions import Beta, Weights\n",
    "from pycmtensor.optimizers import Adam\n",
    "from pycmtensor.results import Results\n",
    "from pycmtensor.models import MNLogit\n",
    "from reslogitlayer import ResLogitLayer\n",
    "\n",
    "cmt.logger.set_level(cmt.logger.WARNING)\n",
    "cmt.__version__"
   ]
  },
  {
   "cell_type": "code",
   "execution_count": 2,
   "metadata": {},
   "outputs": [],
   "source": [
    "nb_path = os.path.abspath(\"\")\n",
    "df_rp = pd.read_csv(\"data/model_average_RP.csv\")\n",
    "df_rp.columns = df_rp.columns.str.upper()\n",
    "\n",
    "df_rp[\"PURPOSE_WORK\"] = 0\n",
    "df_rp[\"PURPOSE_HOME\"] = 0\n",
    "df_rp[\"PURPOSE_LEISURE\"] = 0\n",
    "df_rp.loc[df_rp[\"PURPOSE\"].str.split(\" \", expand=True)[0] == \"Work\", \"PURPOSE_WORK\"] = 1\n",
    "df_rp.loc[df_rp[\"PURPOSE\"].str.split(\" \", expand=True)[0] == \"Home\", \"PURPOSE_HOME\"] = 1\n",
    "df_rp.loc[\n",
    "    df_rp[\"PURPOSE\"].isin(\n",
    "        [\n",
    "            \"Cinema or other night out\",\n",
    "            \"Clothes shopping\",\n",
    "            \"Family Activity\",\n",
    "            \"Leisure Other\",\n",
    "            \"Museum/cultural\",\n",
    "            \"Social\",\n",
    "            \"Restaurant\",\n",
    "            \"Sports activity\",\n",
    "            \"Shopping - Major\",\n",
    "        ]\n",
    "    ),\n",
    "    \"PURPOSE_LEISURE\",\n",
    "] = 1\n",
    "\n",
    "df_rp[\"WEEKEND\"] = 0\n",
    "df_rp.loc[df_rp[\"DAY_OF_THE_WEEK_START\"].isin([\"Saturday\", \"Sunday\"]), \"WEEKEND\"] = 1\n",
    "df_rp.drop([\"PURPOSE\", \"DAY_OF_THE_WEEK_START\"], axis=1, inplace=True)\n",
    "df_rp.fillna(0, inplace=True)\n",
    "\n",
    "db = cmt.Database(\"model_average_rp\", df_rp, choiceVar=\"CHOICE\")\n",
    "globals().update(db.variables)\n",
    "\n",
    "# additional steps to format database\n",
    "db.data[\"CHOICE\"] -= 1\n",
    "for i in [\n",
    "    \"TOTAL_CAR_COST\",\n",
    "    \"BUS_COST_TOTAL_PER_LEG\",\n",
    "    \"RAIL_COST_TOTAL_PER_LEG\",\n",
    "    \"TAXI_COST\",\n",
    "]:\n",
    "    db.data[i] /= 100.0\n",
    "\n",
    "for i in [\n",
    "    \"CAR_DISTANCE_KM\",\n",
    "    \"BUS_DISTANCE_KM\",\n",
    "    \"RAIL_DISTANCE_KM\",\n",
    "    \"TAXI_DISTANCE_KM\",\n",
    "    \"CYCLING_DISTANCE_KM\",\n",
    "    \"WALKING_DISTANCE_KM\",\n",
    "]:\n",
    "    db.data[i] /= 100.0\n",
    "\n",
    "for i in [\n",
    "    \"CAR_TRAVEL_TIME_MIN\",\n",
    "    \"BUS_TRAVEL_TIME_MIN\",\n",
    "    \"RAIL_TRAVEL_TIME_MIN\",\n",
    "    \"TAXI_TRAVEL_TIME_MIN\",\n",
    "    \"CYCLING_TRAVEL_TIME_MIN\",\n",
    "    \"WALKING_TRAVEL_TIME_MIN\",\n",
    "    \"BUS_IVT_TIME_MIN\",\n",
    "    \"BUS_ACCESS_EGRESS_TIME_MIN\",\n",
    "    \"RAIL_IVT_TIME_MIN\",\n",
    "    \"RAIL_ACCESS_EGRESS_TIME_MIN\",\n",
    "]:\n",
    "    db.data[i] /= 60.0\n",
    "\n",
    "# specify Beta parameters\n",
    "b_cost = Beta(\"b_cost\", 0.0, None, None, 0)\n",
    "b_time = Beta(\"b_time\", 0.0, None, None, 0)\n",
    "b_dist = Beta(\"b_dist\", 0.0, None, None, 0)\n",
    "\n",
    "b_IVT = Beta(\"b_IVT\", 0.0, None, None, 0)\n",
    "b_egress = Beta(\"b_egress\", 0.0, None, None, 0)\n",
    "b_transfers = Beta(\"b_transfers\", 0.0, None, None, 0)\n",
    "\n",
    "b_ncar = Beta(\"b_ncar\", 0.0, None, None, 0)\n",
    "b_nbicycle = Beta(\"b_nbicycle\", 0.0, None, None, 0)\n",
    "\n",
    "b_weekend_car = Beta(\"b_weekend_car\", 0.0, None, None, 0)\n",
    "b_weekend_pt = Beta(\"b_weekend_pt\", 0.0, None, None, 0)\n",
    "b_weekend_phys = Beta(\"b_weekend_phys\", 0.0, None, None, 0)\n",
    "\n",
    "b_cleeds_car = Beta(\"b_cleeds_car\", 0.0, None, None, 0)\n",
    "b_cleeds_pt = Beta(\"b_cleeds_pt\", 0.0, None, None, 0)\n",
    "b_cleeds_phys = Beta(\"b_cleeds_phys\", 0.0, None, None, 0)\n",
    "\n",
    "b_female_car = Beta(\"b_female_car\", 0.0, None, None, 0)\n",
    "b_female_pt = Beta(\"b_female_pt\", 0.0, None, None, 0)\n",
    "b_female_phys = Beta(\"b_female_phys\", 0.0, None, None, 0)\n",
    "\n",
    "b_age_car = Beta(\"b_age_car\", 0.0, None, None, 0)\n",
    "b_age_pt = Beta(\"b_age_pt\", 0.0, None, None, 0)\n",
    "b_age_phys = Beta(\"b_age_phys\", 0.0, None, None, 0)\n",
    "\n",
    "b_uk_car = Beta(\"b_uk_car\", 0.0, None, None, 0)\n",
    "b_uk_pt = Beta(\"b_uk_pt\", 0.0, None, None, 0)\n",
    "b_uk_phys = Beta(\"b_uk_phys\", 0.0, None, None, 0)\n",
    "\n",
    "b_edu_gba_car = Beta(\"b_edu_gba_car\", 0.0, None, None, 0)\n",
    "b_edu_gba_pt = Beta(\"b_edu_gba_pt\", 0.0, None, None, 0)\n",
    "b_edu_gba_phys = Beta(\"b_edu_gba_phys\", 0.0, None, None, 0)\n",
    "\n",
    "b_n_emp_car = Beta(\"b_n_emp_car\", 0.0, None, None, 0)\n",
    "b_n_emp_pt = Beta(\"b_n_emp_pt\", 0.0, None, None, 0)\n",
    "b_n_emp_phys = Beta(\"b_n_emp_phys\", 0.0, None, None, 0)\n",
    "\n",
    "b_mar_car = Beta(\"b_mar_car\", 0.0, None, None, 0)\n",
    "b_mar_pt = Beta(\"b_mar_pt\", 0.0, None, None, 0)\n",
    "b_mar_phys = Beta(\"b_mar_phys\", 0.0, None, None, 0)\n",
    "\n",
    "b_hhsize_car = Beta(\"b_hhsize_car\", 0.0, None, None, 0)\n",
    "b_hhsize_pt = Beta(\"b_hhsize_pt\", 0.0, None, None, 0)\n",
    "b_hhsize_phys = Beta(\"b_hhsize_phys\", 0.0, None, None, 0)\n",
    "\n",
    "b_ppinc_lt30k_car = Beta(\"b_ppinc_lt30k_car\", 0.0, None, None, 0)\n",
    "b_ppinc_lt30k_pt = Beta(\"b_ppinc_lt30k_pt\", 0.0, None, None, 0)\n",
    "b_ppinc_lt30k_phys = Beta(\"b_ppinc_lt30k_phys\", 0.0, None, None, 0)\n",
    "\n",
    "b_hhinc_lt50k_car = Beta(\"b_hhinc_lt50k_car\", 0.0, None, None, 0)\n",
    "b_hhinc_lt50k_pt = Beta(\"b_hhinc_lt50k_pt\", 0.0, None, None, 0)\n",
    "b_hhinc_lt50k_phys = Beta(\"b_hhinc_lt50k_phys\", 0.0, None, None, 0)\n",
    "\n",
    "b_ft_car = Beta(\"b_ft_car\", 0.0, None, None, 0)\n",
    "b_ft_pt = Beta(\"b_ft_pt\", 0.0, None, None, 0)\n",
    "b_ft_phys = Beta(\"b_ft_phys\", 0.0, None, None, 0)\n",
    "\n",
    "asc_car = Beta(\"asc_car\", 0.0, None, None, 1)\n",
    "asc_bus = Beta(\"asc_bus\", 0.0, None, None, 0)\n",
    "asc_rail = Beta(\"asc_rail\", 0.0, None, None, 0)\n",
    "asc_taxi = Beta(\"asc_taxi\", 0.0, None, None, 0)\n",
    "asc_cycling = Beta(\"asc_cycling\", 0.0, None, None, 0)\n",
    "asc_walking = Beta(\"asc_walking\", 0.0, None, None, 0)\n",
    "\n",
    "# 1: car, 2: bus, 3: rail, 4: taxi, 5: cycling, 6: walking.\n",
    "# specify weight parameters\n",
    "W1 = Weights(\"ResNet_01a\", (6, 16), 0, True)\n",
    "W2 = Weights(\"ResNet_01b\", (16, 6), 0, True)\n",
    "\n",
    "U_1 = (\n",
    "    b_cost * db[\"TOTAL_CAR_COST\"]\n",
    "    + b_time * db[\"CAR_TRAVEL_TIME_MIN\"]\n",
    "    + b_dist * db[\"CAR_DISTANCE_KM\"]\n",
    "    + b_ncar * db[\"N_CAR\"]\n",
    "    + b_weekend_car * db[\"WEEKEND\"]\n",
    "    + b_cleeds_car * db[\"CITY.LEEDS\"]\n",
    "    + b_female_car * db[\"FEMALE\"]\n",
    "    + b_age_car * (db[\"AGE\"] <= 3) # age < 30\n",
    "    + b_uk_car * (db[\"BRITISH_ORIGIN\"])\n",
    "    # + b_edu_gba_car * ((db[\"MASTERS\"] + db[\"PHD\"]) > 0)\n",
    "    + b_n_emp_car * db[\"NB_HH_EMPLOYED\"]\n",
    "    # + b_mar_car * aet.eq(db[\"MAR\"], 2) # married\n",
    "    + b_hhsize_car * db[\"HH_SIZE\"]\n",
    "    # + b_hhinc_lt50k_car * (db[\"INCOME_HH\"] <= 5)\n",
    "    # + b_ppinc_lt30k_car * (db[\"INCOME_PERSO\"] <= 3)\n",
    "    + b_ft_car * db[\"OCC_FULL_TIME\"]\n",
    "    + asc_car\n",
    ")\n",
    "\n",
    "U_2 = (\n",
    "    b_cost * db[\"BUS_COST_TOTAL_PER_LEG\"]\n",
    "    + b_time * db[\"BUS_TRAVEL_TIME_MIN\"]\n",
    "    + b_dist * db[\"BUS_DISTANCE_KM\"]\n",
    "    + b_IVT * db[\"BUS_IVT_TIME_MIN\"]\n",
    "    + b_egress * db[\"BUS_ACCESS_EGRESS_TIME_MIN\"]\n",
    "    + b_transfers * db[\"BUS_TRANSFERS\"]\n",
    "    + b_weekend_pt * db[\"WEEKEND\"]\n",
    "    + b_cleeds_pt * db[\"CITY.LEEDS\"]\n",
    "    # + b_female_pt * db[\"FEMALE\"]\n",
    "    + b_age_pt * (db[\"AGE\"] <= 3) # age < 30\n",
    "    + b_uk_pt * (db[\"BRITISH_ORIGIN\"])\n",
    "    + b_edu_gba_pt * ((db[\"MASTERS\"] + db[\"PHD\"]) > 0)\n",
    "    + b_n_emp_pt * db[\"NB_HH_EMPLOYED\"]\n",
    "    + b_mar_pt * aet.eq(db[\"MAR\"], 2) # married\n",
    "    + b_hhsize_pt * db[\"HH_SIZE\"]\n",
    "    + b_hhinc_lt50k_pt * (db[\"INCOME_HH\"] <= 5)\n",
    "    # + b_ppinc_lt30k_pt * (db[\"INCOME_PERSO\"] <= 3)\n",
    "    + b_ft_pt * db[\"OCC_FULL_TIME\"]\n",
    "    + asc_bus\n",
    ")\n",
    "\n",
    "U_3 = (\n",
    "    b_cost * db[\"RAIL_COST_TOTAL_PER_LEG\"]\n",
    "    + b_time * db[\"CAR_TRAVEL_TIME_MIN\"]\n",
    "    + b_dist * db[\"RAIL_DISTANCE_KM\"]\n",
    "    + b_IVT * db[\"RAIL_IVT_TIME_MIN\"]\n",
    "    + b_egress * db[\"RAIL_ACCESS_EGRESS_TIME_MIN\"]\n",
    "    + b_transfers * db[\"RAIL_TRANSFERS\"]\n",
    "    + b_weekend_pt * db[\"WEEKEND\"]\n",
    "    + b_cleeds_pt * db[\"CITY.LEEDS\"]\n",
    "    # + b_female_pt * db[\"FEMALE\"]\n",
    "    + b_age_pt * (db[\"AGE\"] <= 3)\n",
    "    + b_uk_pt * (db[\"BRITISH_ORIGIN\"])\n",
    "    + b_edu_gba_pt * ((db[\"MASTERS\"] + db[\"PHD\"]) > 0)\n",
    "    + b_n_emp_pt * db[\"NB_HH_EMPLOYED\"]\n",
    "    + b_mar_pt * aet.eq(db[\"MAR\"], 2)\n",
    "    + b_hhsize_pt * db[\"HH_SIZE\"]\n",
    "    + b_hhinc_lt50k_pt * (db[\"INCOME_HH\"] <= 5)\n",
    "    # + b_ppinc_lt30k_pt * (db[\"INCOME_PERSO\"] <= 3)\n",
    "    + b_ft_pt * db[\"OCC_FULL_TIME\"]\n",
    "    + asc_rail\n",
    ")\n",
    "\n",
    "U_4 = (\n",
    "    b_cost * db[\"TAXI_COST\"]\n",
    "    + b_time * db[\"TAXI_TRAVEL_TIME_MIN\"]\n",
    "    + b_dist * db[\"TAXI_DISTANCE_KM\"]\n",
    "    + asc_taxi\n",
    ")\n",
    "\n",
    "U_5 = (\n",
    "    b_time * db[\"CYCLING_TRAVEL_TIME_MIN\"]\n",
    "    + b_dist * db[\"CYCLING_DISTANCE_KM\"]\n",
    "    + b_nbicycle * db[\"N_BICYCLE\"]\n",
    "    + b_weekend_phys * db[\"WEEKEND\"]\n",
    "    + b_cleeds_phys * db[\"CITY.LEEDS\"]\n",
    "    + b_female_phys * db[\"FEMALE\"]\n",
    "    + b_age_phys * (db[\"AGE\"] <= 3)\n",
    "    # + b_uk_phys * (db[\"BRITISH_ORIGIN\"])\n",
    "    + b_edu_gba_phys * ((db[\"MASTERS\"] + db[\"PHD\"]) > 0)\n",
    "    + b_n_emp_phys * db[\"NB_HH_EMPLOYED\"]\n",
    "    + b_mar_phys * aet.eq(db[\"MAR\"], 2)\n",
    "    # + b_hhsize_phys * db[\"HH_SIZE\"]\n",
    "    + b_hhinc_lt50k_phys * (db[\"INCOME_HH\"] <= 5)\n",
    "    + b_ppinc_lt30k_phys * (db[\"INCOME_PERSO\"] <= 3)\n",
    "    + b_ft_phys * db[\"OCC_FULL_TIME\"]\n",
    "    + asc_cycling\n",
    ")\n",
    "\n",
    "U_6 = (\n",
    "    b_time * db[\"WALKING_TRAVEL_TIME_MIN\"]\n",
    "    + b_dist * db[\"WALKING_DISTANCE_KM\"]\n",
    "    + b_weekend_phys * db[\"WEEKEND\"]\n",
    "    + b_cleeds_phys * db[\"CITY.LEEDS\"]\n",
    "    + b_female_phys * db[\"FEMALE\"]\n",
    "    + b_age_phys * (db[\"AGE\"] <= 3)\n",
    "    # + b_uk_phys * (db[\"BRITISH_ORIGIN\"])\n",
    "    + b_edu_gba_phys * ((db[\"MASTERS\"] + db[\"PHD\"]) > 0)\n",
    "    + b_n_emp_phys * db[\"NB_HH_EMPLOYED\"]\n",
    "    + b_mar_phys * aet.eq(db[\"MAR\"], 2)\n",
    "    # + b_hhsize_phys * db[\"HH_SIZE\"]\n",
    "    + b_hhinc_lt50k_phys * (db[\"INCOME_HH\"] <= 5)\n",
    "    + b_ppinc_lt30k_phys * (db[\"INCOME_PERSO\"] <= 3)\n",
    "    + b_ft_phys * db[\"OCC_FULL_TIME\"]\n",
    "    + asc_walking\n",
    ")\n",
    "\n"
   ]
  },
  {
   "cell_type": "code",
   "execution_count": 3,
   "metadata": {},
   "outputs": [
    {
     "name": "stderr",
     "output_type": "stream",
     "text": [
      "[2022-03-09 12:07:55] WARNING: Unused Betas from computational graph: b_female_pt b_uk_phys b_edu_gba_car b_mar_car b_hhsize_phys b_ppinc_lt30k_car b_ppinc_lt30k_pt b_hhinc_lt50k_car removed. To explicity keep params in model, set param status=1.\n"
     ]
    },
    {
     "name": "stdout",
     "output_type": "stream",
     "text": [
      "dataset: model_average_rp (n=10120)\n",
      "batch size: 256\n",
      "iterations per epoch: 39\n"
     ]
    },
    {
     "data": {
      "application/vnd.jupyter.widget-view+json": {
       "model_id": "f6840e7b489b4b06bcdccca0a6338b03",
       "version_major": 2,
       "version_minor": 0
      },
      "text/plain": [
       "Loglikelihood:  -13334.965  Score: 0.039"
      ]
     },
     "metadata": {},
     "output_type": "display_data"
    },
    {
     "data": {
      "application/vnd.jupyter.widget-view+json": {
       "model_id": "8039c537cf934b98804ad6a419007e9b",
       "version_major": 2,
       "version_minor": 0
      },
      "text/plain": [
       "Epoch    0/78000:   0%|          | 0.00/78.0k [00:00<?, ?it/s]"
      ]
     },
     "metadata": {},
     "output_type": "display_data"
    },
    {
     "name": "stderr",
     "output_type": "stream",
     "text": [
      "[2022-03-09 12:11:32] WARNING: Maximum patience reached. Early stopping...\n"
     ]
    },
    {
     "name": "stdout",
     "output_type": "stream",
     "text": [
      "Optimization complete with accuracy of 87.510%. Max loglikelihood reached @ epoch 911.\n",
      "\n",
      "Results for model: mymodel\n",
      "Build time: 00:00:13\n",
      "Estimation time: 00:03:19\n",
      "Estimation rate: 4.639 epochs/s\n",
      "Seed value: 999\n",
      "Number of Beta parameters: 41\n",
      "Tensor size: 192\n",
      "Sample size: 10120\n",
      "Excluded data: 0\n",
      "Init loglikelihood: -13334.965\n",
      "Final loglikelihood: -3601.975\n",
      "Final loglikelihood reached at: epoch 911\n",
      "Likelihood ratio test: 19465.980\n",
      "Accuracy: 87.510%\n",
      "Rho square: 0.730\n",
      "Rho bar square: 0.712\n",
      "Akaike Information Criterion: 7669.95\n",
      "Bayesian Information Criterion: 9352.74\n",
      "Final gradient norm: 0.049\n",
      "\n"
     ]
    }
   ],
   "source": [
    "# Associate utility functions with the list\n",
    "U = [U_1, U_2, U_3, U_4, U_5, U_6]\n",
    "# U = ResLogitLayer(U, W3, W4).output\n",
    "U = ResLogitLayer(U, W1, W2).output\n",
    "\n",
    "# Associate the availability conditions with the alternatives\n",
    "av = [\n",
    "    db[\"AVAIL_CAR\"],\n",
    "    db[\"AVAIL_BUS\"],\n",
    "    db[\"AVAIL_RAIL\"],\n",
    "    db[\"AVAIL_TAXI\"],\n",
    "    db[\"AVAIL_CYCLING\"],\n",
    "    db[\"AVAIL_WALKING\"],\n",
    "]\n",
    "\n",
    "model = MNLogit(U, av=av, database=db, name=\"mymodel\")\n",
    "model.add_params(locals())\n",
    "model.config[\"patience\"] = 36000\n",
    "model.config[\"base_lr\"] = 0.005\n",
    "model.config[\"max_lr\"] = 0.01\n",
    "model.config[\"cyclic_lr_step_size\"] = 32\n",
    "\n",
    "# train function\n",
    "model = cmt.train(\n",
    "    model,\n",
    "    database=db,\n",
    "    optimizer=Adam,\n",
    "    batch_size=256,\n",
    "    max_epoch=2000,\n",
    "    notebook=True,\n",
    ")\n",
    "\n",
    "with open(\"mymodel.pkl\", \"rb\") as f:\n",
    "    model = pickle.load(f)\n",
    "    \n",
    "result = Results(model, db, show_weights=True)"
   ]
  },
  {
   "cell_type": "code",
   "execution_count": 4,
   "metadata": {},
   "outputs": [
    {
     "name": "stdout",
     "output_type": "stream",
     "text": [
      "Statistical Analysis:\n",
      "                        Value   Std err     t-test   p-value Rob. Std err Rob. t-test Rob. p-value\n",
      "asc_bus             -0.405469  0.191364  -2.118838  0.034104     0.020822  -19.473036          0.0\n",
      "asc_cycling          -3.00675  0.114472 -26.266157       0.0     0.037411  -80.370146          0.0\n",
      "asc_rail              0.87888   0.18338   4.792672  0.000002     0.049839   17.634281          0.0\n",
      "asc_taxi            -2.325508  0.094473 -24.615649       0.0     0.068539  -33.929745          0.0\n",
      "asc_walking          0.416708  0.097332   4.281289  0.000019     0.004999   83.351665          0.0\n",
      "b_IVT                1.877872  0.140587   13.35736       0.0     0.093931   19.992093          0.0\n",
      "b_age_car           -1.714011  0.101915 -16.817992       0.0     0.135494  -12.650071          0.0\n",
      "b_age_phys          -0.177049  0.065218  -2.714735  0.006633     0.076147   -2.325113     0.020066\n",
      "b_age_pt             -1.20904  0.106697 -11.331482       0.0     0.048958  -24.695446          0.0\n",
      "b_cleeds_car        -0.227894   0.07234  -3.150319  0.001631     0.050199   -4.539854     0.000006\n",
      "b_cleeds_phys         0.11989  0.052596   2.279439  0.022641      0.05007     2.39442     0.016647\n",
      "b_cleeds_pt         -0.061498  0.081841  -0.751435  0.452391     0.005994   -10.26079          0.0\n",
      "b_cost             -16.567576   0.91549 -18.096948       0.0     0.383022  -43.254931          0.0\n",
      "b_dist              -8.753773  0.720247 -12.153841       0.0     0.399041  -21.937044          0.0\n",
      "b_edu_gba_phys       0.120422  0.049517   2.431941  0.015018     0.053004    2.271948      0.02309\n",
      "b_edu_gba_pt         0.446091   0.08033   5.553266       0.0     0.018538   24.063611          0.0\n",
      "b_egress            -5.160883  0.238497 -21.639181       0.0      0.13557    -38.0681          0.0\n",
      "b_female_car         0.398812  0.065127   6.123586       0.0     0.037761   10.561497          0.0\n",
      "b_female_phys       -0.173937  0.036889  -4.715164  0.000002     0.010146  -17.144128          0.0\n",
      "b_ft_car            -0.503654  0.088622  -5.683167       0.0      0.03035  -16.594917          0.0\n",
      "b_ft_phys           -0.338606  0.054971  -6.159706       0.0     0.002822 -120.005534          0.0\n",
      "b_ft_pt             -0.693255  0.090971  -7.620637       0.0     0.032168  -21.551316          0.0\n",
      "b_hhinc_lt50k_phys  -0.005538  0.050509  -0.109645  0.912691     0.018523    -0.29898     0.764955\n",
      "b_hhinc_lt50k_pt     0.315997  0.078371   4.032065  0.000055     0.021817    14.48421          0.0\n",
      "b_hhsize_car        -0.265072  0.027235  -9.732796       0.0     0.013232  -20.032419          0.0\n",
      "b_hhsize_pt         -0.337675  0.031745 -10.636958       0.0     0.001108 -304.683258          0.0\n",
      "b_mar_phys            -0.1566  0.055543  -2.819439  0.004811     0.024511   -6.388923          0.0\n",
      "b_mar_pt            -0.325427   0.08284  -3.928391  0.000086     0.046244   -7.037127          0.0\n",
      "b_n_emp_car           0.33955  0.046852   7.247326       0.0     0.016716   20.312865          0.0\n",
      "b_n_emp_phys          0.13555  0.029632   4.574422  0.000005     0.011606    11.67949          0.0\n",
      "b_n_emp_pt           0.472844   0.05643   8.379313       0.0     0.009954   47.501874          0.0\n",
      "b_nbicycle           0.442257  0.031621  13.986315       0.0     0.039673   11.147595          0.0\n",
      "b_ncar               0.394175  0.053099   7.423354       0.0      0.08957    4.400751     0.000011\n",
      "b_ppinc_lt30k_phys  -0.127818  0.043418  -2.943902  0.003241     0.024804   -5.153212          0.0\n",
      "b_time              -2.674177  0.081435 -32.838113       0.0     0.010884  -245.69003          0.0\n",
      "b_transfers         -0.675368  0.074482  -9.067556       0.0     0.015497  -43.580245          0.0\n",
      "b_uk_car             1.252544  0.106077  11.807915       0.0     0.001965  637.327862          0.0\n",
      "b_uk_pt              0.381979  0.136514   2.798105   0.00514     0.009879   38.666136          0.0\n",
      "b_weekend_car        -0.05904  0.093044  -0.634541  0.525728     0.077251   -0.764267     0.444708\n",
      "b_weekend_phys      -0.612041  0.060259 -10.156858       0.0     0.066508   -9.202583          0.0\n",
      "b_weekend_pt        -1.083587  0.093022 -11.648672       0.0     0.091526  -11.839144          0.0\n",
      "\n",
      "Correlation matrix:\n",
      "                      b_cost    b_time    b_dist     b_IVT  b_egress  b_transfers    b_ncar  b_nbicycle  b_weekend_car  b_weekend_pt  b_weekend_phys  b_cleeds_car  b_cleeds_pt  b_cleeds_phys  b_female_car  b_female_phys  b_age_car  b_age_pt  b_age_phys  b_uk_car   b_uk_pt  b_edu_gba_pt  b_edu_gba_phys  b_n_emp_car  b_n_emp_pt  b_n_emp_phys  b_mar_pt  b_mar_phys  b_hhsize_car  b_hhsize_pt  b_ppinc_lt30k_phys  b_hhinc_lt50k_pt  b_hhinc_lt50k_phys  b_ft_car   b_ft_pt  b_ft_phys   asc_bus  asc_rail  asc_taxi  asc_cycling  asc_walking\n",
      "b_cost              1.000000  0.303508 -0.011860  0.019833 -0.057779    -0.118882 -0.012146   -0.162361      -0.013600      0.041759        0.040266     -0.006145     0.090171      -0.003917     -0.010758       0.060899   0.136517  0.110302    0.018283 -0.107930 -0.064217      0.019510        0.001853    -0.104539   -0.056050     -0.011971  0.035525   -0.001681      0.044977     0.064817            0.029975         -0.048548            0.019857  0.107293  0.118894   0.102811 -0.093723 -0.068506 -0.479959     0.175885    -0.107402\n",
      "b_time              0.303508  1.000000  0.210687 -0.152339  0.258317    -0.058154  0.001639   -0.295049      -0.013959      0.147931        0.218886     -0.043207     0.079678      -0.037711      0.021800       0.156791   0.189765  0.214360    0.173972 -0.160620 -0.068930     -0.024932        0.004102    -0.046579   -0.090066     -0.192034  0.077735    0.025331      0.015501     0.066385            0.140753         -0.034577            0.060186  0.128012  0.145480   0.166060 -0.163044 -0.103162  0.008800     0.154382    -0.417725\n",
      "b_dist             -0.011860  0.210687  1.000000 -0.052388 -0.019403    -0.167593 -0.105524   -0.056329      -0.005015      0.090923        0.137591     -0.033179    -0.006124      -0.028874     -0.050840       0.091933   0.148776  0.196161    0.112997 -0.282341 -0.133630     -0.005705       -0.013236    -0.046040   -0.098778     -0.069527  0.061469   -0.009478      0.050886     0.047850           -0.019580         -0.052516            0.046105  0.034342  0.070638   0.097934 -0.060425 -0.111380 -0.129175    -0.197750    -0.271272\n",
      "b_IVT               0.019833 -0.152339 -0.052388  1.000000 -0.139276    -0.393588 -0.021849    0.053376      -0.046098     -0.081043       -0.099512     -0.048988     0.017048       0.050462      0.020134      -0.062371  -0.029119  0.036978    0.078652  0.038288 -0.084913      0.074644        0.026913     0.054794   -0.013233      0.008573 -0.016007    0.019284     -0.088941    -0.089691           -0.048785         -0.002239           -0.024817  0.029095 -0.075163  -0.044600 -0.098007  0.053676 -0.189426    -0.091843    -0.040399\n",
      "b_egress           -0.057779  0.258317 -0.019403 -0.139276  1.000000    -0.126443  0.073074   -0.027446       0.171960      0.281081        0.134175      0.107741    -0.070609      -0.044771     -0.141223      -0.000423   0.078853  0.034616    0.084619  0.041583 -0.072222     -0.110546       -0.060169     0.036489   -0.122380     -0.008338  0.142655    0.051601     -0.056996    -0.088694            0.011073         -0.097568            0.021834 -0.043244  0.004626   0.060078  0.033973 -0.033864  0.292808     0.097751    -0.052059\n",
      "b_transfers        -0.118882 -0.058154 -0.167593 -0.393588 -0.126443     1.000000 -0.001266    0.013240       0.020572      0.069133        0.026434      0.033252    -0.022735       0.003394     -0.009784      -0.011686  -0.025549 -0.021203    0.002223  0.080954  0.037172     -0.114950       -0.067610    -0.054799   -0.064784     -0.075317  0.048521    0.077136      0.084709     0.093370           -0.014600          0.002452           -0.007096 -0.045973 -0.027652  -0.048639  0.083488 -0.013928  0.144927     0.047095     0.080216\n",
      "b_ncar             -0.012146  0.001639 -0.105524 -0.021849  0.073074    -0.001266  1.000000    0.090694      -0.064260     -0.039599       -0.025095      0.042686    -0.015120       0.022526      0.002506       0.084170   0.214098 -0.056313   -0.053958 -0.354918 -0.102780     -0.013653       -0.021881     0.125336    0.122774      0.117895  0.068653   -0.017952     -0.275425    -0.132851           -0.023862         -0.042893            0.063631 -0.114021 -0.006021  -0.043983  0.131685  0.124785  0.052164     0.006810     0.001979\n",
      "b_nbicycle         -0.162361 -0.295049 -0.056329  0.053376 -0.027446     0.013240  0.090694    1.000000       0.033123     -0.033210       -0.141022     -0.018636    -0.052818       0.019898      0.010998      -0.058657  -0.227355 -0.185641   -0.187051  0.063783  0.039819     -0.030399       -0.015243     0.121870    0.056656      0.181325  0.030736   -0.061247     -0.027130    -0.023107           -0.056369         -0.040289           -0.018107 -0.114206 -0.122389  -0.111938  0.057916  0.049517 -0.132989    -0.413352     0.101660\n",
      "b_weekend_car      -0.013600 -0.013959 -0.005015 -0.046098  0.171960     0.020572 -0.064260    0.033123       1.000000      0.315369        0.011055      0.059298    -0.011222       0.051508     -0.202314      -0.111579  -0.017102  0.025553    0.062026  0.073420  0.099459     -0.039558       -0.023918     0.099066    0.027825      0.044094  0.155871    0.074193     -0.132564    -0.122115           -0.028896         -0.080276            0.010417 -0.093131 -0.044177  -0.022428 -0.046209 -0.104998  0.150736     0.018868    -0.002413\n",
      "b_weekend_pt        0.041759  0.147931  0.090923 -0.081043  0.281081     0.069133 -0.039599   -0.033210       0.315369      1.000000        0.558545      0.023413     0.021227      -0.038099     -0.180154       0.014410   0.038581  0.132993    0.185125  0.046525  0.082629     -0.231386       -0.192723     0.037975   -0.076390     -0.049443  0.200267    0.165422     -0.025077     0.015247            0.014675         -0.163934           -0.049777 -0.076402 -0.102547   0.013102 -0.130086 -0.204301  0.118428    -0.007520    -0.120351\n",
      "b_weekend_phys      0.040266  0.218886  0.137591 -0.099512  0.134175     0.026434 -0.025095   -0.141022       0.011055      0.558545        1.000000      0.039193    -0.026337      -0.078652     -0.177426       0.036093   0.092972  0.225631    0.210277 -0.074344 -0.027060     -0.213535       -0.185578     0.023109   -0.099596     -0.070365  0.149639    0.140401      0.045559     0.037531            0.056662         -0.082728           -0.049468 -0.016550  0.018529   0.076382 -0.064604 -0.091104  0.071912    -0.026010    -0.208502\n",
      "b_cleeds_car       -0.006145 -0.043207 -0.033179 -0.048988  0.107741     0.033252  0.042686   -0.018636       0.059298      0.023413        0.039193      1.000000     0.265082       0.130731     -0.292391      -0.036633  -0.174028 -0.120470   -0.090940 -0.039170  0.071021     -0.081224       -0.121109     0.038580    0.030098      0.030410  0.062740    0.060432     -0.042880    -0.023499            0.016336         -0.029569            0.014333 -0.332136 -0.103130  -0.104209  0.008796 -0.067217  0.208277     0.130380     0.105955\n",
      "b_cleeds_pt         0.090171  0.079678 -0.006124  0.017048 -0.070609    -0.022735 -0.015120   -0.052818      -0.011222      0.021227       -0.026337      0.265082     1.000000       0.618087      0.032023      -0.033221  -0.018204 -0.104975   -0.100434 -0.057167  0.165865      0.006401        0.018128     0.003328    0.123470      0.094121  0.020688   -0.030444     -0.053782    -0.031815            0.024031         -0.086258           -0.024299 -0.026944 -0.055918  -0.041569 -0.390421 -0.351123 -0.000730    -0.134513    -0.227777\n",
      "b_cleeds_phys      -0.003917 -0.037711 -0.028874  0.050462 -0.044771     0.003394  0.022526    0.019898       0.051508     -0.038099       -0.078652      0.130731     0.618087       1.000000      0.028917      -0.061739  -0.040196 -0.104279   -0.201609  0.016537  0.078918      0.030169        0.002710     0.032719    0.137127      0.154794 -0.021450   -0.004307     -0.069772    -0.098348           -0.058322         -0.028648           -0.010423 -0.071678 -0.060886  -0.116188 -0.207275 -0.190584  0.018569    -0.286701    -0.301761\n",
      "b_female_car       -0.010758  0.021800 -0.050840  0.020134 -0.141223    -0.009784  0.002506    0.010998      -0.202314     -0.180154       -0.177426     -0.292391     0.032023       0.028917      1.000000      -0.048069  -0.053162 -0.062781   -0.080501 -0.261760  0.067621      0.145418        0.157704    -0.039399    0.125483      0.069916 -0.120646   -0.113231      0.003177    -0.070949            0.010936          0.026708           -0.018394  0.188974  0.054030  -0.009010 -0.054977  0.002057 -0.071875    -0.013830     0.005953\n",
      "b_female_phys       0.060899  0.156791  0.091933 -0.062371 -0.000423    -0.011686  0.084170   -0.058657      -0.111579      0.014410        0.036093     -0.036633    -0.033221      -0.061739     -0.048069       1.000000   0.054274  0.161169    0.082022 -0.118574 -0.078180     -0.052286       -0.117706     0.056133   -0.046308     -0.027394  0.057235    0.092907      0.013369    -0.010941           -0.157817          0.054651            0.054671 -0.014185  0.040821   0.029277 -0.007801  0.012846 -0.104881    -0.120816    -0.268455\n",
      "b_age_car           0.136517  0.189765  0.148776 -0.029119  0.078853    -0.025549  0.214098   -0.227355      -0.017102      0.038581        0.092972     -0.174028    -0.018204      -0.040196     -0.053162       0.054274   1.000000  0.397959    0.299259 -0.404601 -0.124743      0.051267        0.082258    -0.380766   -0.187665     -0.187113 -0.074105    0.002796     -0.027995     0.121404           -0.033874          0.091787            0.072837  0.432303  0.325954   0.233614 -0.128350 -0.125713  0.064412     0.054101    -0.198330\n",
      "b_age_pt            0.110302  0.214360  0.196161  0.036978  0.034616    -0.021203 -0.056313   -0.185641       0.025553      0.132993        0.225631     -0.120470    -0.104975      -0.104279     -0.062781       0.161169   0.397959  1.000000    0.584059 -0.281296 -0.207111     -0.021731        0.016603    -0.181703   -0.324606     -0.193344  0.279945    0.210445      0.088898     0.021527           -0.001633          0.019715            0.041242  0.285423  0.472188   0.380314 -0.206375 -0.187318 -0.042462    -0.182999    -0.437217\n",
      "b_age_phys          0.018283  0.173972  0.112997  0.078652  0.084619     0.002223 -0.053958   -0.187051       0.062026      0.185125        0.210277     -0.090940    -0.100434      -0.201609     -0.080501       0.082022   0.299259  0.584059    1.000000 -0.138265 -0.146907     -0.032017        0.100818    -0.140219   -0.194149     -0.342701  0.214527    0.461681      0.044665     0.111765           -0.081134          0.085510            0.052305  0.189807  0.315767   0.462966 -0.210247 -0.191030  0.081519    -0.222667    -0.490392\n",
      "b_uk_car           -0.107930 -0.160620 -0.282341  0.038288  0.041583     0.080954 -0.354918    0.063783       0.073420      0.046525       -0.074344     -0.039170    -0.057167       0.016537     -0.261760      -0.118574  -0.404601 -0.281296   -0.138265  1.000000  0.148342     -0.074662       -0.094223    -0.021948    0.006630      0.040411  0.042014    0.063196     -0.171031    -0.033800            0.061611         -0.029599           -0.013518 -0.435314 -0.267621  -0.144350  0.149412  0.108156  0.182354     0.119381     0.217149\n",
      "b_uk_pt            -0.064217 -0.068930 -0.133630 -0.084913 -0.072222     0.037172 -0.102780    0.039819       0.099459      0.082629       -0.027060      0.071021     0.165865       0.078918      0.067621      -0.078180  -0.124743 -0.207111   -0.146907  0.148342  1.000000      0.277354        0.188257    -0.075831   -0.011119      0.009673 -0.057331   -0.023732      0.067473     0.093584            0.028396          0.060217           -0.007827 -0.037002 -0.097598  -0.043215 -0.633825 -0.669764  0.137234     0.055439     0.118011\n",
      "b_edu_gba_pt        0.019510 -0.024932 -0.005705  0.074644 -0.110546    -0.114950 -0.013653   -0.030399      -0.039558     -0.231386       -0.213535     -0.081224     0.006401       0.030169      0.145418      -0.052286   0.051267 -0.021731   -0.032017 -0.074662  0.277354      1.000000        0.666321    -0.004330    0.074941      0.005775 -0.196543   -0.148354     -0.050237    -0.026880           -0.016010          0.081670           -0.000705  0.109252  0.020665   0.030516 -0.293371 -0.255609 -0.053763    -0.035701    -0.024754\n",
      "b_edu_gba_phys      0.001853  0.004102 -0.013236  0.026913 -0.060169    -0.067610 -0.021881   -0.015243      -0.023918     -0.192723       -0.185578     -0.121109     0.018128       0.002710      0.157704      -0.117706   0.082258  0.016603    0.100818 -0.094223  0.188257      0.666321        1.000000    -0.028247    0.027843     -0.044158 -0.153697   -0.098863     -0.055061    -0.006660            0.051220          0.048109           -0.037120  0.177199  0.091692   0.103320 -0.221980 -0.193162 -0.041037    -0.139630    -0.143152\n",
      "b_n_emp_car        -0.104539 -0.046579 -0.046040  0.054794  0.036489    -0.054799  0.125336    0.121870       0.099066      0.037975        0.023109      0.038580     0.003328       0.032719     -0.039399       0.056133  -0.380766 -0.181703   -0.140219 -0.021948 -0.075831     -0.004330       -0.028247     1.000000    0.390769      0.227219  0.048680   -0.019009     -0.434124    -0.249351           -0.066495         -0.036364            0.002836 -0.386831 -0.240026  -0.194857  0.090351  0.138113 -0.040123    -0.079634     0.022524\n",
      "b_n_emp_pt         -0.056050 -0.090066 -0.098778 -0.013233 -0.122380    -0.064784  0.122774    0.056656       0.027825     -0.076390       -0.099596      0.030098     0.123470       0.137127      0.125483      -0.046308  -0.187665 -0.324606   -0.194149  0.006630 -0.011119      0.074941        0.027843     0.390769    1.000000      0.531875 -0.028562   -0.058706     -0.218029    -0.362822            0.018959          0.291914            0.163858 -0.176269 -0.290295  -0.270989 -0.065231 -0.026018  0.028347    -0.094191    -0.017906\n",
      "b_n_emp_phys       -0.011971 -0.192034 -0.069527  0.008573 -0.008338    -0.075317  0.117895    0.181325       0.044094     -0.049443       -0.070365      0.030410     0.094121       0.154794      0.069916      -0.027394  -0.187113 -0.193344   -0.342701  0.040411  0.009673      0.005775       -0.044158     0.227219    0.531875      1.000000 -0.015425   -0.107506     -0.112855    -0.117578           -0.188942          0.160745            0.394930 -0.176253 -0.259125  -0.403316 -0.020065 -0.015055 -0.020734    -0.216998    -0.053985\n",
      "b_mar_pt            0.035525  0.077735  0.061469 -0.016007  0.142655     0.048521  0.068653    0.030736       0.155871      0.200267        0.149639      0.062740     0.020688      -0.021450     -0.120646       0.057235  -0.074105  0.279945    0.214527  0.042014 -0.057331     -0.196543       -0.153697     0.048680   -0.028562     -0.015425  1.000000    0.599419      0.002796    -0.238178            0.035657         -0.028017            0.081110 -0.135477 -0.040813  -0.043608 -0.098481 -0.136127 -0.000148    -0.152046    -0.210205\n",
      "b_mar_phys         -0.001681  0.025331 -0.009478  0.019284  0.051601     0.077136 -0.017952   -0.061247       0.074193      0.165422        0.140401      0.060432    -0.030444      -0.004307     -0.113231       0.092907   0.002796  0.210445    0.461681  0.063196 -0.023732     -0.148354       -0.098863    -0.019009   -0.058706     -0.107506  0.599419    1.000000      0.092255     0.095906            0.055800          0.078874            0.031287 -0.113183 -0.072350  -0.004607 -0.129663 -0.150386  0.015667    -0.252985    -0.350523\n",
      "b_hhsize_car        0.044977  0.015501  0.050886 -0.088941 -0.056996     0.084709 -0.275425   -0.027130      -0.132564     -0.025077        0.045559     -0.042880    -0.053782      -0.069772      0.003177       0.013369  -0.027995  0.088898    0.044665 -0.171031  0.067473     -0.050237       -0.055061    -0.434124   -0.218029     -0.112855  0.002796    0.092255      1.000000     0.418943            0.046500          0.042936           -0.053225  0.034519 -0.016328  -0.002801 -0.078128 -0.110340 -0.009656     0.047133     0.038577\n",
      "b_hhsize_pt         0.064817  0.066385  0.047850 -0.089691 -0.088694     0.093370 -0.132851   -0.023107      -0.122115      0.015247        0.037531     -0.023499    -0.031815      -0.098348     -0.070949      -0.010941   0.121404  0.021527    0.111765 -0.033800  0.093584     -0.026880       -0.006660    -0.249351   -0.362822     -0.117578 -0.238178    0.095906      0.418943     1.000000            0.013179          0.167705           -0.060471  0.028229  0.031862   0.064443 -0.226319 -0.264000 -0.019510     0.050862    -0.013484\n",
      "b_ppinc_lt30k_phys  0.029975  0.140753 -0.019580 -0.048785  0.011073    -0.014600 -0.023862   -0.056369      -0.028896      0.014675        0.056662      0.016336     0.024031      -0.058322      0.010936      -0.157817  -0.033874 -0.001633   -0.081134  0.061611  0.028396     -0.016010        0.051220    -0.066495    0.018959     -0.188942  0.035657    0.055800      0.046500     0.013179            1.000000         -0.045181           -0.363507 -0.053280 -0.077314   0.170340  0.002554  0.016286  0.017686    -0.044024    -0.154974\n",
      "b_hhinc_lt50k_pt   -0.048548 -0.034577 -0.052516 -0.002239 -0.097568     0.002452 -0.042893   -0.040289      -0.080276     -0.163934       -0.082728     -0.029569    -0.086258      -0.028648      0.026708       0.054651   0.091787  0.019715    0.085510 -0.029599  0.060217      0.081670        0.048109    -0.036364    0.291914      0.160745 -0.028017    0.078874      0.042936     0.167705           -0.045181          1.000000            0.504645  0.065138  0.128590   0.090134 -0.394406 -0.379157  0.006400    -0.214983    -0.238247\n",
      "b_hhinc_lt50k_phys  0.019857  0.060186  0.046105 -0.024817  0.021834    -0.007096  0.063631   -0.018107       0.010417     -0.049777       -0.049468      0.014333    -0.024299      -0.010423     -0.018394       0.054671   0.072837  0.041242    0.052305 -0.013518 -0.007827     -0.000705       -0.037120     0.002836    0.163858      0.394930  0.081110    0.031287     -0.053225    -0.060471           -0.363507          0.504645            1.000000  0.036397  0.133059   0.020328 -0.171213 -0.198982  0.042346    -0.240189    -0.315356\n",
      "b_ft_car            0.107293  0.128012  0.034342  0.029095 -0.043244    -0.045973 -0.114021   -0.114206      -0.093131     -0.076402       -0.016550     -0.332136    -0.026944      -0.071678      0.188974      -0.014185   0.432303  0.285423    0.189807 -0.435314 -0.037002      0.109252        0.177199    -0.386831   -0.176269     -0.176253 -0.135477   -0.113183      0.034519     0.028229           -0.053280          0.065138            0.036397  1.000000  0.491874   0.311414 -0.168187 -0.130083 -0.073350    -0.013612    -0.137563\n",
      "b_ft_pt             0.118894  0.145480  0.070638 -0.075163  0.004626    -0.027652 -0.006021   -0.122389      -0.044177     -0.102547        0.018529     -0.103130    -0.055918      -0.060886      0.054030       0.040821   0.325954  0.472188    0.315767 -0.267621 -0.097598      0.020665        0.091692    -0.240026   -0.290295     -0.259125 -0.040813   -0.072350     -0.016328     0.031862           -0.077314          0.128590            0.133059  0.491874  1.000000   0.641030 -0.256683 -0.269235 -0.043244    -0.125482    -0.273939\n",
