,1,2,3,4
0,0.5883263719524979,0.05979428495980042,0.07503182306084205,0.2768475200268596
1,0.8157337206326023,0.046917726998490325,0.02635258632733909,0.1109959660415683
2,0.4889719976266754,0.19265535308094275,0.07194007908145926,0.24643257021092266
3,0.8034248456485822,0.08220838915623184,0.029794888535890723,0.0845718766592954
4,0.44276423400072484,0.5050068271638175,0.02837427790145996,0.023854660933997754
5,0.6917187105272209,0.1919044114809183,0.055071991659597065,0.06130488633226395
6,0.669202890733807,0.25561184717010943,0.03755641968788667,0.03762884240819687
7,0.36765990197856574,0.5501684009864574,0.02058613439436337,0.06158556264061365
8,0.4510398933825284,0.47793508124783823,0.0401983246891381,0.030826700680495082
9,0.5607416545037041,0.31405218661031886,0.018206103107270187,0.10700005577870675
10,0.8688464319035225,0.06890164462583769,0.03339860853636928,0.02885331493427044
11,0.5904622272625414,0.1528877259921582,0.12849591884718925,0.1281541278981112
12,0.7005201600833806,0.13139654258180608,0.04248438004841382,0.1255989172863994
13,0.3887092568052541,0.17208296684651536,0.05097476906935439,0.3882330072788762
14,0.6437036910986852,0.050665167612580865,0.02205946242375101,0.28357167886498286
15,0.46887486032137815,0.26370838499940824,0.08067525854645102,0.18674149613276259
16,0.5647321455951085,0.2559866064738794,0.11262601851556385,0.06665522941544837
17,0.5687807009848477,0.369097219171168,0.022041722577720205,0.04008035726626408
18,0.8491769151415267,0.08727122290654277,0.04223727038167022,0.021314591570260093
19,0.49312434640411423,0.34287586364677597,0.10399922248582977,0.06000056746328009
20,0.8672779354349508,0.047834200000093474,0.04498012523019693,0.03990773933475872
21,0.4287236806760477,0.09008378523518833,0.21696148008380672,0.26423105400495717
22,0.46265131226529443,0.045669229781002296,0.026186656075054188,0.46549280187864894
23,0.8335923015926388,0.11765419697620025,0.02867927461601759,0.020074226815143294
24,0.5859521554365178,0.33259746612154856,0.027567910132071983,0.05388246830986167
25,0.5464480123569334,0.09668999355739799,0.11110739906623908,0.24575459501942962
26,0.5752870971995242,0.24762931636848373,0.02718067392385358,0.14990291250813842
27,0.66157553516068,0.19425624055014984,0.09116393515271855,0.05300428913645147
28,0.6679683884618349,0.08592855100383506,0.05693991151581935,0.1891631490185107
29,0.7571045627522751,0.15087630805426883,0.058285353527659074,0.03373377566579694
30,0.788964160333076,0.023663201152182244,0.06208528873503726,0.12528734977970452
31,0.4251639574769526,0.01971499467955991,0.0564798235056809,0.4986412243378065
32,0.5445468473175479,0.026898191034026093,0.01246215342681875,0.41609280822160755
33,0.8922208021778372,0.03629542560997412,0.0339749292893483,0.03750884292284045
34,0.7701988735638973,0.016116724672781114,0.06255315059370677,0.151131251169615
35,0.8587146221582008,0.08288505326417858,0.025695089564806064,0.0327052350128144
36,0.5010262289730592,0.20264364122011772,0.1576112008350792,0.13871892897174382
37,0.5870519983471817,0.11498123909841922,0.039900528489802314,0.2580662340645967
38,0.5428917301813219,0.017015877175538423,0.02637102237549683,0.4137213702676429
39,0.5542090587974046,0.03986781186733367,0.024871844911845315,0.3810512844234164
40,0.7235676596223242,0.18827226150307913,0.04745957896069832,0.04070049991389854
41,0.8474524656385914,0.020289522523226418,0.0339510805291695,0.09830693130901252
42,0.8770849940115276,0.06554391191750121,0.03560828453350588,0.02176280953746509
43,0.5724863984732537,0.052605522120982136,0.133359731447654,0.2415483479581102
44,0.6871815590239218,0.1496757605899649,0.10086435366035847,0.06227832672575489
45,0.3850820074846173,0.3054595445440381,0.07540449107429428,0.2340539568970504
46,0.7916256479011335,0.15778859975506881,0.02168007582609192,0.028905676517705717
47,0.4068776837193011,0.16328421620947825,0.28980039261373836,0.1400377074574823
48,0.8081856413626507,0.07763813073380817,0.08704881068151749,0.027127417222023744
49,0.5040761218663118,0.026455179114323955,0.06417563287588451,0.40529306614347976
50,0.5276676576501643,0.26745818743646765,0.14345216348485884,0.06142199142850914
51,0.5528097305553156,0.30134364415215953,0.0216668077831888,0.12417981750933607
52,0.4113550387468661,0.029506471371594692,0.048078322000984504,0.5110601678805546
53,0.7077150106186588,0.10786699948439363,0.05739349132507884,0.12702449857186868
54,0.6418310155519859,0.17513854830873699,0.14511021072758407,0.03792022541169306
55,0.7575860156897157,0.14994020721069268,0.054710710371033144,0.03776306672855848
56,0.45160590475576956,0.34924558808557016,0.14521098934202975,0.053937517816630476
57,0.6137609145516254,0.15626788851764867,0.028573728957840043,0.20139746797288602
58,0.5877688036301146,0.3518627210507241,0.03068725769661377,0.02968121762254752
59,0.5465975949105556,0.017443542024828142,0.07157655728217635,0.3643823057824399
60,0.7481255229302699,0.038659381641224046,0.04305722189990331,0.17015787352860265
61,0.8048647268046558,0.059620473400356006,0.0564129390853228,0.07910186070966531
62,0.45155621493726633,0.2876720284592891,0.04001449518053417,0.22075726142291038
63,0.38022175016353627,0.02226060115778723,0.02447002789182284,0.5730476207868538
64,0.34857277547867305,0.04443964594256685,0.16185407253248127,0.4451335060462788
65,0.719697606644966,0.08280818052915144,0.083426384016747,0.11406782880913562
66,0.7357169263962163,0.0508798426432711,0.1201652046004258,0.09323802636008674
67,0.7770595573979483,0.03973244522169024,0.06601161604723395,0.11719638133312751
68,0.6066886274369688,0.016191708818259896,0.014159812732831265,0.36295985101194
69,0.4292462641217733,0.02244225862587392,0.009848370593920188,0.5384631066584326
70,0.605796919798611,0.19301882846956703,0.15256684609923354,0.04861740563258849
71,0.3869980743970648,0.5278196979956403,0.0436981620720773,0.04148406553521753
72,0.3602700232984151,0.16296872329446188,0.1403286230480699,0.3364326303590531
73,0.7083323830916597,0.03989062377171596,0.02865545698708639,0.2231215361495379
74,0.7175066280975707,0.041486994790740625,0.026571981521273963,0.2144343955904148
75,0.43619414917622257,0.09670593439728366,0.21278656547383878,0.2543133509526551
76,0.5671736010573658,0.34739942075774916,0.05591149149134923,0.02951548669353586
77,0.7875214814723581,0.09555131454168038,0.04005108291504216,0.07687612107091935
78,0.7052374297214978,0.1481410049982154,0.03807224294890122,0.10854932233138567
79,0.4804617000668801,0.3596414762357107,0.05051391885508548,0.10938290484232366
80,0.3586851729426452,0.573513273130822,0.021262982197493938,0.046538571729038955
81,0.7387887266777536,0.13570583915614856,0.047829297284305336,0.0776761368817925
82,0.6948304367763968,0.12479511087249949,0.08459379067676853,0.09578066167433509
83,0.6400204489769663,0.08502477422134506,0.0888537796780315,0.18610099712365724
84,0.7195826555878476,0.0868717308678596,0.09577075982877561,0.09777485371551724
85,0.7619688438156669,0.14617792360755202,0.01670730846081069,0.07514592411597054
86,0.569697896564051,0.30582659760813025,0.02794585828284969,0.09652964754496904
87,0.5557562728557045,0.12274631036271177,0.12391564586883236,0.19758177091275148
88,0.5904488594249078,0.1441777362761689,0.028220079415745072,0.23715332488317825
89,0.24546046171641037,0.5868821549558615,0.13795110134358265,0.02970628198414541
90,0.5943098806432917,0.34187895071920793,0.014212192407293283,0.04959897623020709
91,0.7291045543600815,0.059645724061574514,0.01826724244437621,0.1929824791339679
92,0.6446746301807761,0.23446848226720962,0.04680718668839091,0.07404970086362346
93,0.6796412779124681,0.2101116499231191,0.033698347457844016,0.07654872470656872
94,0.5609417774477695,0.19382183862798297,0.019435170367785713,0.22580121355646177
95,0.7744524656231339,0.04050948126575944,0.03270155751667056,0.15233649559443604
96,0.5835705849744474,0.3649274047716633,0.021857253816575148,0.029644756437314252
97,0.5668686783073474,0.368027357005765,0.010779669744750189,0.05432429494213737
98,0.46399484836762517,0.050378762425848655,0.018240708236825803,0.46738568096970023
99,0.8317090739927969,0.0233156879617997,0.06795140409577406,0.07702383394962946
100,0.6731266261355336,0.1808374025006552,0.04752658250468543,0.09850938885912572
101,0.7691018647427096,0.054408784622619985,0.03399347824250149,0.14249587239216904
102,0.7363841366144254,0.2217036003691875,0.008327902651572745,0.03358436036481445
103,0.6833308617371754,0.19372165082397447,0.01410765391364376,0.10883983352520624
104,0.8230470239446874,0.0781812266508183,0.0411798063173989,0.0575919430870952
105,0.7238551783753026,0.15758574959467644,0.07298250080595053,0.0455765712240705
106,0.6322246272074098,0.3073124601575677,0.008694015415083486,0.05176889721993901
107,0.7665063773023449,0.13991552040551392,0.05286763759222627,0.040710464699914926
108,0.7701446662873558,0.09353547368746626,0.029744072618030797,0.10657578740714703
109,0.5210504241430889,0.40886588694148673,0.020933781233522113,0.049149907681902104
110,0.7430220872172125,0.027779425798030558,0.032081330838048316,0.19711715614670858
111,0.7335172429822444,0.2017653581120204,0.030530052789605515,0.034187346116129676
112,0.6004728608791697,0.03887994360787784,0.15795795603949772,0.2026892394734549
113,0.4730237518032332,0.15190265424147945,0.28579133941640267,0.08928225453888472
114,0.7470365981765472,0.0703281818582389,0.049671310934301216,0.13296390903091274
115,0.8249694223534858,0.0790387797880513,0.04997602199826476,0.046015775860198074
116,0.7473213293761846,0.02544741690624014,0.06185931967012892,0.1653719340474466
117,0.6209728163891589,0.10989831174994708,0.07680626293735789,0.19232260892353606
118,0.8732313293784236,0.03984855676624935,0.04749474271043108,0.039425371144896124
119,0.4166785688916602,0.030491474091346657,0.04217871421640085,0.5106512428005923
120,0.7066928997993455,0.042319017164786185,0.012558237182142143,0.23842984585372629
121,0.6156272604804346,0.030823119102554745,0.04503011694583671,0.30851950347117385
122,0.6887027339570835,0.08278750240355454,0.08860196282246424,0.1399078008168978
123,0.524152037871837,0.3560759099639409,0.006636857647635826,0.11313519451658631
124,0.5880229739991112,0.23945142546361545,0.068917089988041,0.10360851054923235
125,0.7118416521472788,0.23227865211767662,0.02438469866215667,0.03149499707288774
126,0.7406126241997968,0.09403253608845069,0.05502297783525926,0.11033186187649328
127,0.7243106276846106,0.08754357905217607,0.024363324268802042,0.16378246899441115
128,0.5773508053650391,0.30068341686116895,0.0654231807107658,0.05654259706302619
129,0.7420428798692575,0.13933574381762215,0.015122127962764579,0.10349924835035576
130,0.6064386175358252,0.03891045742178322,0.026863392295121677,0.3277875327472699
131,0.6568173180353132,0.054176491717046256,0.06342031549577486,0.22558587475186573
132,0.7208635932355181,0.05937653841728327,0.011969549673215585,0.20779031867398295
133,0.3369908329791792,0.05686820673951197,0.14958594698592761,0.45655501329538123
134,0.6624924597306086,0.2610299506101544,0.04190180921404859,0.034575780445188546
135,0.7952794846896071,0.05950748317816681,0.046493145994055116,0.09871988613817102
136,0.3592941500613349,0.1306197845309347,0.027035537734468252,0.483050527673262
137,0.8919959352336615,0.024686572009984524,0.017287048128710097,0.06603044462764394
138,0.7116174932522483,0.03814384727951464,0.022849180880160587,0.2273894785880764
139,0.4635973010481507,0.2262816244798559,0.024812504769248785,0.28530856970274454
140,0.7637174399279623,0.03680250032727226,0.025757760111295314,0.17372229963347
141,0.582310454976513,0.11864737486269794,0.017970828609732495,0.28107134155105656
142,0.47401979706458125,0.4108826645822997,0.08793881416682997,0.027158724186289097
143,0.8485363304942467,0.04572790707071909,0.02400169987761314,0.08173406255742112
144,0.5225219249995267,0.25369837706011994,0.01805204699664773,0.20572765094370565
145,0.7153658554633749,0.021290091897076834,0.022166193904608618,0.24117785873493955
146,0.5511442631666247,0.3581242085119882,0.04438472700036708,0.04634680132102005
147,0.6816260063212947,0.056789296306151586,0.028624085208987838,0.232960612163566
148,0.7306765405795058,0.10230954003638268,0.039733105313493076,0.12728081407061836
149,0.60613499932927,0.06407900241685748,0.08054509811848357,0.24924090013538922
150,0.6447103496891734,0.3033685212428419,0.030153493525404182,0.021767635542580533
151,0.800532781013787,0.12970866720220345,0.03684538411847693,0.032913167665532775
152,0.30638877337450154,0.5037437492704016,0.13358896468570147,0.05627851266939539
153,0.6108959424019785,0.2660726500996269,0.07243087956860779,0.05060052792978671
154,0.5124032882793224,0.02041207184534937,0.01573115701052099,0.45145348286480724
155,0.8436293016549672,0.04276133670254194,0.07251636989364241,0.04109299174884846
156,0.689949987879533,0.11677197295394486,0.12771828695264675,0.06555975221387517
157,0.7404079048875312,0.11870891949006429,0.017994666898165566,0.122888508724239
158,0.6615127228718997,0.0980997986512525,0.03811826353703011,0.20226921493981756
159,0.6950547951751694,0.05477544015085936,0.05306252215287331,0.19710724252109788
160,0.6544527290913267,0.12309397740323898,0.017150036151186737,0.20530325735424765
161,0.6084695499628348,0.1184763952751113,0.04142374323631803,0.2316303115257359
162,0.8375066287269787,0.05077093110431061,0.01673672247802967,0.09498571769068108
163,0.4003796935797789,0.17974677291968705,0.01607240087895886,0.4038011326215753
164,0.4579169808529497,0.08944508688299864,0.05758580219067685,0.39505213007337486
165,0.42132785978216286,0.20823009600992543,0.03643217511236458,0.33400986909554703
166,0.7407692734615707,0.20719961544390736,0.013445985075537983,0.038585126018983985
167,0.8125596368329944,0.06318263075641613,0.0773111248348815,0.04694660757570793
168,0.568225346831864,0.36178537540381356,0.022499655446876758,0.047489622317445704
169,0.8044411739475684,0.08771454828695,0.07807456647617675,0.0297697112893048
170,0.7256452177337445,0.1726859968593717,0.030071771596994583,0.07159701380988934
171,0.5764473990841494,0.36630680510312685,0.0349073725009844,0.022338423311739294
172,0.5436241352844065,0.16483474131184903,0.04146984503762494,0.2500712783661195
173,0.5253065929121766,0.11369759788082086,0.0823405690400359,0.2786552401669666
174,0.8433025703619194,0.02400180471896447,0.08821351744432458,0.04448210747479173
175,0.5580965873381241,0.11123767982138805,0.04557608727844342,0.2850896455620444
176,0.5989320615521311,0.3281068721552976,0.027435618817701332,0.045525447474869966
177,0.4196836210768081,0.16842648082849723,0.1433007269840827,0.2685891711106121
178,0.6458584997001979,0.19441741467331283,0.08417093655215249,0.07555314907433675
179,0.47398633309055505,0.30681240252738684,0.033250330854156226,0.18595093352790196
180,0.759624479785202,0.06556462799194729,0.02718032157841905,0.1476305706444315
181,0.4749504622400294,0.3825460048971372,0.08013975526053561,0.062363777602297776
182,0.6385605254705238,0.04613346057663335,0.023354161942236478,0.2919518520106064
183,0.7570353895989034,0.10165254150617446,0.020515792053835736,0.12079627684108638
184,0.5928001372452677,0.146717319250076,0.15825794132493406,0.10222460217972225
185,0.85305979213631,0.03594732466994815,0.06486272761094815,0.046130155582793625
186,0.6690002600589703,0.1908644600562284,0.05878418186787977,0.08135109801692146
187,0.8674129274335808,0.0698463573644221,0.02447390093957779,0.03826681426241932
188,0.8047347074146752,0.040065283088714945,0.06601304073992835,0.08918696875668156
189,0.6867459845540419,0.17517153382945486,0.007902207792173214,0.1301802738243302
190,0.5596288786316885,0.09013776301251095,0.014419998541733212,0.3358133598140673
191,0.825525573911073,0.029022071663159333,0.07851716353980955,0.06693519088595827
192,0.7868516862426926,0.09705605713942793,0.030668379026941073,0.08542387759093824
193,0.43236784372537107,0.1796811506166922,0.041685536458154177,0.3462654691997825
194,0.6227954295970509,0.06102994368430813,0.06745966556221394,0.248714961156427
195,0.6295294886024903,0.012148975241408792,0.02872004174586897,0.3296014944102322
196,0.4690655284563841,0.34525054107129416,0.016031024147059918,0.16965290632526192
197,0.7698624271052695,0.07129202815266499,0.027145068502181218,0.13170047623988432
198,0.5907022083920035,0.2026993361747381,0.03886299996637243,0.16773545546688584
199,0.6111587844468744,0.13951287328525028,0.11530935955216826,0.13401898271570703
200,0.6612101394617992,0.12152967357510212,0.01914305433526218,0.19811713262783653
201,0.670052201612521,0.08089550907301893,0.1256305383719241,0.12342175094253596
202,0.5983490157984898,0.23143456190019898,0.04343463014383275,0.12678179215747853
203,0.5019813390705984,0.10462267956817549,0.26267936074862075,0.13071662061260547
204,0.6875931629274407,0.19669050493428025,0.08838713766035153,0.027329194477927605
205,0.5543504193762622,0.2543784529384961,0.04460864001807971,0.146662487667162
206,0.8004990735692196,0.0973867802468247,0.015249168388177933,0.08686497779577784
207,0.47713923413685677,0.29275785966382056,0.010712851328612065,0.21939005487071056
208,0.7573854326370529,0.04765660939445898,0.04743407499983293,0.14752388296865512
209,0.41362816076224385,0.5605408523258141,0.005388657692301272,0.020442329219640728
210,0.6055786710728922,0.04446684554479731,0.03796356999363913,0.31199091338867146
211,0.5651118935728158,0.1463175480583727,0.06980036992936281,0.2187701884394487
212,0.6428500609660379,0.21740709726757518,0.07389174103834774,0.06585110072803926
213,0.5860259322310976,0.3251857667472201,0.027449638871082715,0.061338662150599514
214,0.5177248188296343,0.29634867590593905,0.09693820210765539,0.08898830315677113
215,0.6319226903487222,0.1936228614576747,0.10320467398386234,0.07124977420974081
216,0.5662048358937043,0.03468856503101198,0.06925844136392342,0.3298481577113603
217,0.6186223478113744,0.16718412271737074,0.016976510437509185,0.19721701903374583
218,0.6893257849568645,0.039076009726845704,0.03316172576974155,0.23843647954654837
219,0.557332722873999,0.06649937398881538,0.06785337448627755,0.30831452865090814
220,0.4454606704276434,0.49552745584423896,0.015918683247803336,0.04309319048031426
221,0.7384316895031696,0.07353379290428701,0.024494094818786366,0.16354042277375688
222,0.3901591341351095,0.0666960800831058,0.022865552578632608,0.5202792332031521
223,0.5634358603414257,0.18380061796087926,0.013612312165824762,0.2391512095318703
224,0.41297503871999697,0.13511086731723346,0.04462640908352099,0.4072876848792486
225,0.5185512649825073,0.07457759376760348,0.012315940753615388,0.3945552004962739
226,0.7768524133970008,0.04530792596501739,0.06007751599568309,0.11776214464229866
227,0.45367686307349014,0.2057449376327089,0.06592417416851107,0.27465402512528997
228,0.7034462978373139,0.1137428083321572,0.07477378196869508,0.10803711186183393
229,0.6285937630536546,0.2047592697542854,0.08120683916253812,0.08544012802952206
230,0.8066394093654341,0.05855527983092833,0.053211594757281475,0.08159371604635611
231,0.6794418921285554,0.2835582485933423,0.01430371993693327,0.022696139341168896
232,0.672213958826793,0.052452497958698496,0.016074605749583436,0.2592589374649251
233,0.81348642665391,0.03442850924924831,0.04409835104858772,0.10798671304825394
234,0.616971428734148,0.2092637752538184,0.04708864609405234,0.12667614991798123
235,0.5415589583412191,0.29824738524137195,0.04333849347910254,0.11685516293830636
236,0.3589558159744847,0.054380718940355274,0.08963614548879148,0.49702731959636837
237,0.7404572218683989,0.03284662508842907,0.041637148322753455,0.1850590047204185
238,0.6437877710135698,0.11671345880454996,0.08161856025594487,0.15788020992593524
239,0.5779182160580955,0.07115314712469191,0.05352180325359156,0.2974068335636209
240,0.5252598235556559,0.41875193904143776,0.025766173380024578,0.03022206402288183
241,0.3711381130026513,0.43544386600047863,0.10003619199506618,0.09338182900180383
242,0.6476831527290046,0.153287029955524,0.09707259175046243,0.10195722556500914
243,0.7825798874393202,0.09324858389915207,0.08261955728356964,0.04155197137795813
244,0.6093911289306769,0.18010485916159763,0.01403601897882386,0.19646799292890152
245,0.6638601112888436,0.24019647488360388,0.03345694645173195,0.06248646737582064
246,0.7442119428458505,0.18090468983628513,0.03904745280293201,0.03583591451493259
247,0.5821529246818569,0.028197026634206156,0.03231987721053152,0.35733017147340546
248,0.6319925325076504,0.301311605802812,0.03543588393283663,0.031259977756700794
249,0.5984683056277261,0.15882588003905335,0.023606103717181855,0.21909971061603853
250,0.40859428053167945,0.38806805836316915,0.08464514502561304,0.11869251607953846
251,0.6850319740866028,0.25605652767467946,0.01842123492113916,0.040490263317578656
252,0.6612472718583784,0.07559382308935966,0.06497146627071672,0.19818743878154513
253,0.5356753401474313,0.12842115709842108,0.08868779115699058,0.24721571159715713
254,0.34247681943199104,0.21347798454591743,0.03362915277034882,0.4104160432517426
255,0.7429269716535915,0.09422062971937364,0.039315049006326784,0.12353734962070814
256,0.49471597848589544,0.37567971742149076,0.04594925541983133,0.08365504867278237
257,0.655225396167536,0.06380619812864181,0.07218099370460353,0.2087874119992188
258,0.5524139835066191,0.11096003750546077,0.04994186599629736,0.2866841129916228
259,0.5191454550706487,0.06598819333998637,0.11961587630012127,0.29525047528924364
260,0.6287837827016088,0.024941725226721594,0.014402753921254719,0.3318717381504149
261,0.5054620421894209,0.14064119132504221,0.11189473712817094,0.24200202935736578
262,0.8531798817907695,0.07720946794500116,0.02936178838481414,0.04024886187941509
263,0.7260359329426369,0.12374978560670817,0.020657028643180003,0.12955725280747496
264,0.6486378097825203,0.06800335625384399,0.020423691886188006,0.26293514207744767
265,0.48320349398439183,0.0734604318763873,0.056169297798359184,0.3871667763408617
266,0.37940668015564954,0.13196749814218614,0.016858131825786306,0.47176768987637796
267,0.7702692766278291,0.035311650389932385,0.01839418089983989,0.17602489208239874
268,0.6382040764978424,0.24210876507357004,0.044277973763218764,0.07540918466536888
269,0.684308682033813,0.1295418256584659,0.07528587789502555,0.11086361441269554
270,0.594710533844187,0.06551120982039083,0.03444348260555408,0.3053347737298679
271,0.7524915743944695,0.09118374992214331,0.02714344498353834,0.12918123069984902
272,0.5518231397767334,0.26909909389695463,0.04089175040845226,0.13818601591785973
273,0.8490028901571667,0.036739462313942636,0.04097891462195665,0.07327873290693408
274,0.6539615062898243,0.10911499291968109,0.02923451303030373,0.20768898776019087
275,0.5423516106218229,0.07712392286129985,0.1747031627070482,0.20582130380982921
276,0.7169503788758419,0.11427327663266165,0.08174033188484858,0.0870360126066478
277,0.5070693383414874,0.06793961185150375,0.16466618482208395,0.2603248649849249
278,0.5758842921368171,0.021553192649371104,0.055515451940886466,0.34704706327292545
279,0.4393964804249692,0.2358380650553388,0.1841881295170246,0.14057732500266756
280,0.5387479512721243,0.4101377219500312,0.013046834370456157,0.038067492407388354
281,0.668386973354068,0.2012524653366965,0.02621881501339313,0.10414174629584227
282,0.2655298513341139,0.584271969391582,0.022647443181080567,0.12755073609322373
283,0.4126560491266393,0.16793703994285775,0.051273990588075136,0.36813292034242784
284,0.6648704126514426,0.211645795300261,0.010856405150942966,0.11262738689735352
285,0.6560284578585849,0.07364302815916053,0.03429163883252348,0.23603687514973104
286,0.6964026718930627,0.20752037415394375,0.01551574340629486,0.08056121054669872
287,0.3500043163462464,0.5097534931201029,0.058649737928618634,0.08159245260503203
288,0.41562846867484016,0.043972264122697134,0.05358627135159748,0.48681299585086524
289,0.48922064400710746,0.06845434496968165,0.04113186002977987,0.40119315099343095
290,0.6133320429533502,0.17019623789770988,0.026381323789986297,0.19009039535895383
291,0.6758476135874518,0.04769786687459602,0.04111765813616902,0.23533686140178314
292,0.4091267069006822,0.15952333569375318,0.1414860879146223,0.2898638694909424
293,0.4381109105914674,0.3898859206097854,0.07209577794816206,0.09990739085058523
294,0.5820329538257812,0.3926199001457408,0.012728044006566873,0.012619102021910949
295,0.7774336891456665,0.14302009046143915,0.021639663202613558,0.05790655719028074
296,0.40145854098398137,0.025259394858736826,0.015400220085226032,0.5578818440720558
297,0.5137390077817935,0.3672551302089783,0.06335928653094314,0.05564657547828486
298,0.405783298038036,0.42214204867111893,0.03868752304144351,0.13338713024940155
299,0.5653036250829859,0.30790740576238856,0.015446317039829283,0.11134265211479628
300,0.8276309940386418,0.024612421738638153,0.01911931915961236,0.12863726506310777
301,0.775883716220108,0.10555855718858984,0.04704496068391435,0.07151276590738806
302,0.5702679326776063,0.14506117548674216,0.08887413619894034,0.19579675563671117
303,0.697271166672287,0.22248365346011145,0.03297656530935305,0.04726861455824845
304,0.4724575299719491,0.38360785948408854,0.03887239463452845,0.10506221590943397
305,0.6199413281964694,0.2869598358074069,0.02627512156445246,0.06682371443167115
306,0.8143627151248352,0.024334639312043653,0.06115542498014188,0.1001472205829793
307,0.4442495501611955,0.1283267491247743,0.05285349286182855,0.3745702078522018
308,0.3867497864711171,0.3298448309450319,0.05909717195068325,0.22430821063316786
309,0.7336534383187236,0.016841483094905817,0.023943647565116362,0.22556143102125412
310,0.49329928379726046,0.11310100209964535,0.07277428481205266,0.3208254292910416
311,0.7077587840040452,0.16157113770094186,0.029050415851275546,0.1016196624437373
312,0.6407025827953674,0.046474765555372,0.1303203538629205,0.18250229778634022
313,0.8512004412652985,0.1011566537285104,0.02441266210636146,0.023230242899829705
314,0.8132006456290719,0.03299285795995243,0.026326241917855594,0.12748025449312017
315,0.7391206313524338,0.12398492853751467,0.035904261049823305,0.10099017906022831
316,0.7338812856918844,0.03764711376513135,0.15437067074662508,0.07410092979635936
317,0.5081683954670781,0.18900780236147036,0.05503729631681798,0.24778650585463347
318,0.652777195229418,0.31052410384526274,0.02393080916493031,0.012767891760389024
319,0.38271320265369263,0.1022839258790318,0.09908249347105033,0.4159203779962253
320,0.5184087914196946,0.1526004556755763,0.08936625012919966,0.2396245027755293
321,0.5413736561680593,0.1049783016582528,0.04611176704585782,0.30753627512783005
322,0.5572428422480405,0.36638182336385666,0.023824851074488586,0.05255048331361423
323,0.5558385028580962,0.13770249318491162,0.018470193632134632,0.2879888103248574
324,0.45887985544026444,0.3928284841176285,0.050920536636752306,0.09737112380535484
325,0.6475897013738601,0.027978073887085026,0.024884774265447624,0.2995474504736073
326,0.4579058060802357,0.08396257081097684,0.29251796091037735,0.16561366219841023
327,0.471428513956109,0.01916709641330612,0.05407266869721037,0.45533172093337443
328,0.5482543451914007,0.2719923654240333,0.0851481739176267,0.09460511546693913
329,0.7534676350454256,0.1834870532294697,0.024076862170142446,0.03896844955496227
330,0.7346764075483582,0.2045206517112557,0.028597665120465993,0.032205275619920044
331,0.6318907715075068,0.21502027051738298,0.05313577053337653,0.09995318744173352
332,0.7235115444762067,0.15268273266384183,0.06395388562096349,0.059851837238988
333,0.6849659374818289,0.10741350655140725,0.029918512313349334,0.17770204365341466
334,0.7378635300814993,0.1020147760962118,0.11771513386740864,0.04240655995488012
335,0.7095358989838619,0.02633844682462887,0.008760061450752558,0.2553655927407566
336,0.8305804085131571,0.04861398006165306,0.05105478234101101,0.06975082908417883
337,0.747635581382909,0.14877321047066291,0.06318750531559729,0.04040370283083084
338,0.8751222704481624,0.019557413457118835,0.04283002512677436,0.06249029096794457
339,0.6075996985075954,0.32747415695946347,0.025979801352766587,0.03894634318017443
340,0.5876749220137027,0.21656719638442307,0.05913320170237865,0.1366246798994954
341,0.5359219630045121,0.22959394794387072,0.14522562492181657,0.08925846412980061
342,0.6488771123391048,0.17865636877113747,0.09737533535591558,0.07509118353384218
343,0.717657037311184,0.11525097724296338,0.049952154387215536,0.11713983105863694
344,0.5156765814934432,0.17871220116268488,0.025357220005169826,0.2802539973387021
345,0.798281495255029,0.12542636237725854,0.03410019399512551,0.042191948372586933
346,0.6466104236223572,0.2417487492518339,0.0144816268614538,0.09715920026435515
347,0.8020269081392215,0.1013226002395659,0.03108207522848371,0.06556841639272876
348,0.8045718909987759,0.10140115972122234,0.022954199250646564,0.07107275002935536
349,0.32202865076009457,0.2082832273519694,0.03937453559694053,0.43031358629099564
350,0.6623474018412007,0.19926932751064655,0.04396106039466936,0.09442221025348356
351,0.8072776923622772,0.04871837189997279,0.04118748902694582,0.10281644671080441
352,0.6413463016807363,0.13448309381804618,0.0701855062973518,0.15398509820386583
353,0.33835084615826455,0.46877387422114125,0.11233392975537612,0.08054134986521809
354,0.7313351783689455,0.08583740952778718,0.15041633971321663,0.03241107239005084
355,0.27574668979652933,0.47161037417049245,0.1640079623909198,0.08863497364205832
356,0.5226460847551286,0.15328529797299295,0.20242506890386605,0.12164354836801242
357,0.40003960240757447,0.0815461881270609,0.15175600768804784,0.36665820177731684
358,0.7962950264038892,0.04942772833411887,0.020825973774992013,0.13345127148699987
359,0.7173059756899872,0.13091969703703019,0.03887150005731777,0.11290282721566482
360,0.6690937975851758,0.2453977233512215,0.027972504129677896,0.05753597493392473
361,0.7892580652009653,0.04278383795628466,0.03157858508149198,0.136379511761258
362,0.705750928607056,0.11959723513981678,0.041310758187446645,0.1333410780656805
363,0.6961803684991569,0.1380018049185298,0.038589903061061345,0.12722792352125203
364,0.4883279219230705,0.3220893436693877,0.042446617718128146,0.1471361166894136
365,0.499140354167404,0.26062409946624304,0.05224484366176019,0.18799070270459275
366,0.6927652149035208,0.1002401205879253,0.025937775304888454,0.1810568892036655
367,0.6747236157553744,0.08496175097785837,0.014746717166297283,0.22556791610046986
368,0.5703695493195496,0.2179910609294007,0.12191646974166384,0.08972292000938577
369,0.3262427205188449,0.1043886839393208,0.004183308599600787,0.5651852869422334
370,0.5120255774609128,0.41028195221001684,0.009725138992356936,0.06796733133671341
371,0.7147574252531659,0.2337956101861358,0.007595045993498298,0.04385191856720002
372,0.39192277062526215,0.30706809721998396,0.018400056755593162,0.2826090753991608
373,0.5297468438118443,0.11489816146537345,0.21162338878822967,0.1437316059345526
374,0.6390614097618009,0.1611162833289071,0.026786013142383183,0.1730362937669087
375,0.6461372547922425,0.23691175123290037,0.01780907727074169,0.09914191670411553
376,0.8319211331416936,0.06562605818865423,0.06490161580990424,0.03755119285974794
377,0.4121407224582797,0.12841555302345858,0.3136742771150847,0.14576944740317702
378,0.6551205286487467,0.21988023499438658,0.03829318582904336,0.08670605052782347
379,0.6708202771046157,0.1094567810668605,0.03400713785307219,0.18571580397545165
380,0.7816782797690148,0.031788458969955365,0.044834448860251876,0.14169881240077792
381,0.6907094868618501,0.2319514081497229,0.02462076428969148,0.052718340698735516
382,0.6544589299141516,0.1246245468216188,0.03603234162966213,0.18488418163456743
383,0.5287404875418734,0.35373012354421246,0.07164087408475582,0.04588851482915843
384,0.5492279344947403,0.060134911531474794,0.10704808143162713,0.2835890725421577
385,0.4124234269742256,0.2870367303826698,0.23165766531446066,0.06888217732864385
386,0.591032205313338,0.2893441179304121,0.010950213841493578,0.1086734629147562
387,0.5985853788529195,0.08178664450624555,0.020917498668235772,0.2987104779725993
388,0.431628654232633,0.5266315940153989,0.026376216578818328,0.015363535173149697
389,0.785435462276478,0.02466490229227085,0.06284267442434337,0.12705696100690797
390,0.44517782454446286,0.11849264998226036,0.0273193308806786,0.409010194592598
391,0.8335619260398248,0.06709393983772426,0.054212156646257524,0.04513197747619326
392,0.4207556807545485,0.3489256624285052,0.01122120019104659,0.21909745662589977
393,0.5401705524965569,0.14967016310581666,0.09503139837972747,0.21512788601789912
394,0.6096418540742334,0.12900604516880237,0.030887746482323602,0.2304643542746406
395,0.44888510788041963,0.027576329791760223,0.006268419097901008,0.5172701432299192
396,0.5018904522586585,0.3883037648833416,0.011206090485723897,0.09859969237227593
397,0.6075278129060766,0.26090349170979793,0.03116339164527386,0.10040530373885166
398,0.3947677384050775,0.5424338596861017,0.014275494051405749,0.04852290785741502
399,0.6565991508633068,0.22716272482931418,0.026640200002927154,0.08959792430445182
400,0.5026775258156944,0.03850685191765325,0.019284194617405423,0.43953142764924696
401,0.7570162053492563,0.01625913202438145,0.0074988393751478505,0.21922582325121429
402,0.16387969148911408,0.018721262563367293,0.023499044823548487,0.7939000011239702
403,0.5240165022018726,0.01885959648194577,0.010406756165106404,0.44671714515107513
404,0.6407105093814554,0.2768475706456429,0.022654692071333325,0.05978722790156823
405,0.37350935453298334,0.16827292883662934,0.03405195765399615,0.42416575897639114
406,0.5412033477008065,0.17514998516570382,0.01888378749466168,0.26476287963882805
407,0.7123481480890868,0.14247152698818918,0.054677857337807494,0.09050246758491665
408,0.5186810519692444,0.08378093252940842,0.030714419898059595,0.3668235956032876
409,0.7546238959224429,0.11179861887720306,0.06533975113586438,0.0682377340644896
410,0.4768088386707538,0.19121697416409025,0.020817198723171018,0.31115698844198486
411,0.6821828019129164,0.03729655917982932,0.025240373705101612,0.2552802652021526
412,0.694945118792199,0.04123162056651785,0.00900677696439683,0.25481648367688625
413,0.7718816881342495,0.10446202842918234,0.03850501468480672,0.0851512687517614
414,0.6721561130571235,0.10418680487035742,0.03970150257216208,0.18395557950035699
415,0.642620851245352,0.04076265297594086,0.016887081107058943,0.29972941467164826
416,0.6862108846559355,0.06074483640995544,0.08026907656036732,0.17277520237374175
417,0.6123779291754042,0.24473792732345104,0.0795155608052299,0.06336858269591479
418,0.5246210577831167,0.09530061826002498,0.016882968640152613,0.36319535531670577
419,0.354927966073519,0.3289433874891826,0.027435082314372142,0.2886935641229263
420,0.4983929154636219,0.19194034497974077,0.029347292026427857,0.28031944753020943
421,0.5958985277121602,0.0904611221701001,0.0658514607045757,0.24778888941316396
422,0.5273725300909703,0.43702523835267465,0.007271731450719147,0.028330500105635734
423,0.5236547548877057,0.1948586312551601,0.06568026598198252,0.21580634787515157
424,0.7482494762514416,0.10172199614987838,0.05342201383843594,0.09660651376024408
425,0.7617728223181945,0.06836314661275078,0.11155652754676237,0.05830750352229236
426,0.560042898190917,0.03153211698006312,0.029875305856592368,0.3785496789724276
427,0.6840659369827293,0.17086272647669778,0.08958979530802072,0.05548154123255213
428,0.26645494380361295,0.02089040481641475,0.03887736776981761,0.6737772836101548
429,0.7597793183100136,0.1821426448172662,0.013376166538484325,0.04470187033423602
430,0.6303716787750366,0.07301130010356845,0.1006173331017342,0.19599968801966075
431,0.49456262699058423,0.2705988412214437,0.06960241117164519,0.16523612061632684
432,0.2750603774892963,0.42927148638819207,0.05717825748101716,0.23848987864149465
433,0.8729854600035867,0.036838965850698534,0.060437754198428735,0.029737819947286134
434,0.5417268455911688,0.32014636128068413,0.09615189656389948,0.0419748965642476
435,0.5305690572952715,0.26429437058830363,0.019376552149296525,0.1857600199671283
436,0.49842170901712585,0.22732366970954693,0.04887453485310807,0.2253800864202193
437,0.47714470481810306,0.29124211502774955,0.026396291975285174,0.2052168881788622
438,0.7595260427095248,0.11594406402990119,0.07609816206344176,0.04843173119713209
439,0.3431428175600933,0.1186599786159045,0.0817741561668253,0.45642304765717695
440,0.8376373547844919,0.04419899803531443,0.09752305900205577,0.02064058817813789
441,0.38975281343395096,0.26170656239923135,0.04719598657704245,0.3013446375897752
442,0.5308438180219832,0.14450904679137477,0.07283132788891304,0.25181580729772884
443,0.8086033210468853,0.13543457132015504,0.028063549748881273,0.027898557884078513
444,0.7706882576535314,0.013823420688201325,0.020720815226121504,0.19476750643214572
445,0.7998254388234142,0.06766577539253775,0.03687706257427917,0.09563172320976891
446,0.6190272936137742,0.12206883881401648,0.07370808911467092,0.18519577845753854
447,0.4367744197812533,0.42393222703193156,0.08126806888243318,0.058025284304382106
448,0.7247620875518014,0.04151295085785959,0.1872654451933955,0.04645951639694363
449,0.680010531951166,0.043838751376871724,0.187336179666948,0.08881453700501428
450,0.6963149888537589,0.055911192374856714,0.013477355827232949,0.23429646294415143
451,0.6970602309673513,0.07525873805236201,0.03338973476374489,0.19429129621654206
452,0.44888757555322123,0.47347156789398176,0.0426909810808153,0.034949875471981626
453,0.6428143049663386,0.2283733980968548,0.02373726944565844,0.10507502749114814
454,0.6506300239771952,0.20179051061708433,0.03425734933499295,0.11332211607072772
455,0.549379451595108,0.3492209934568159,0.043090003245274525,0.05830955170280146
456,0.5935293974242377,0.05579577061214607,0.015786235455084896,0.3348885965085313
457,0.6042603436914671,0.21981336960842812,0.018439918192949364,0.15748636850715528
458,0.8334652483432142,0.09027199041837579,0.04239262530800269,0.03387013593040718
459,0.6551876029766347,0.2242636845064051,0.026779972369898656,0.0937687401470614
460,0.7229915621689291,0.06984814963604367,0.0843224042574033,0.12283788393762379
461,0.6471153630800147,0.1998451816212232,0.01854956336146548,0.13448989193729674
462,0.7166736345873786,0.029002558124524656,0.024552211835883974,0.22977159545221262
463,0.7118782571827293,0.09149801599002647,0.0373125201042682,0.15931120672297602
464,0.49916149122965464,0.2266006710030167,0.06173618402569034,0.21250165374163837
465,0.7254649873478926,0.12586436740871298,0.02951385396269639,0.11915679128069803
466,0.5072026637929995,0.08166607816458979,0.02611232746545923,0.3850189305769516
467,0.5306289151061839,0.38909435759123784,0.017916950034854755,0.06235977726772357
468,0.5829054314409161,0.3081056806864212,0.04159912473739305,0.0673897631352696
469,0.48464086586441235,0.44673691613994193,0.013040515198831192,0.055581702796814535
470,0.4336196676478599,0.21953528530846894,0.04086121111333341,0.3059838359303378
471,0.5526986270766587,0.18205901684141965,0.028055975010595254,0.2371863810713264
472,0.5433670503055429,0.2950798677559307,0.06065270659936431,0.10090037533916199
473,0.7519016473496731,0.06741637664709275,0.03797076789323866,0.1427112081099954
474,0.6717205840679412,0.08732984576577217,0.07192502541449408,0.1690245447517926
475,0.8118895731742928,0.06046168428223145,0.06072938741974224,0.06691935512373363
476,0.22646957887046995,0.1476231505987853,0.25203524507594877,0.37387202545479586
477,0.6445954655602342,0.3054214583779979,0.02521028990887685,0.024772786152891014
478,0.4998887571186427,0.35444215535778056,0.10445577538523183,0.04121331213834473
479,0.7198088811243997,0.14193573923406078,0.03495194407148839,0.10330343557005106
480,0.6792579130535865,0.24637136421067427,0.029810100045141553,0.04456062269059749
481,0.8027934758189853,0.07094532817194454,0.013657096303767281,0.11260409970530293
482,0.7608704444829294,0.09050561150537655,0.06080460595402303,0.08781933805767106
